220, 118, 217, 191, 93, 3, 163, 191, 177, 159, 60, 64, 0, 0, 0, 0, 65, 28, 23, 0, 0, 0, 0, 0, 0, 0, 0, 0, 0, 0, 0, 0, 
179, 198, 216, 191, 236, 1, 163, 191, 6, 158, 60, 64, 0, 0, 0, 0, 66, 31, 24, 0, 0, 0, 0, 0, 0, 0, 0, 0, 0, 0, 0, 0,
141, 22, 216, 191, 123, 0, 163, 191, 91, 156, 60, 64, 0, 0, 0, 0, 67, 33, 27, 0, 0, 0, 0, 0, 0, 0, 0, 0, 0, 0, 0, 0,
105, 102, 215, 191, 9, 255, 162, 191, 175, 154, 60, 64, 0, 0, 0, 0, 68, 34, 30, 0, 0, 0, 0, 0, 0, 0, 0, 0, 0, 0, 0, 0,
73, 182, 214, 191, 152, 253, 162, 191, 4, 153, 60, 64, 0, 0, 0, 0, 69, 36, 32, 0, 0, 0, 0, 0, 0, 0, 0, 0, 0, 0, 0, 0,
44, 6, 214, 191, 39, 252, 162, 191, 89, 151, 60, 64, 0, 0, 0, 0, 69, 37, 31, 0, 0, 0, 0, 0, 0, 0, 0, 0, 0, 0, 0, 0,
18, 86, 213, 191, 182, 250, 162, 191, 174, 149, 60, 64, 0, 0, 0, 0, 67, 37, 28, 0, 0, 0, 0, 0, 0, 0, 0, 0, 0, 0, 0, 0,
252, 165, 212, 191, 69, 249, 162, 191, 3, 148, 60, 64, 0, 0, 0, 0, 67, 37, 29, 0, 0, 0, 0, 0, 0, 0, 0, 0, 0, 0, 0, 0,
231, 245, 211, 191, 211, 247, 162, 191, 87, 146, 60, 64, 0, 0, 0, 0, 67, 38, 31, 0, 0, 0, 0, 0, 0, 0, 0, 0, 0, 0, 0, 0,
214, 69, 211, 191, 98, 246, 162, 191, 172, 144, 60, 64, 0, 0, 0, 0, 68, 39, 31, 0, 0, 0, 0, 0, 0, 0, 0, 0, 0, 0, 0, 0,
201, 149, 210, 191, 241, 244, 162, 191, 1, 143, 60, 64, 0, 0, 0, 0, 67, 38, 30, 0, 0, 0, 0, 0, 0, 0, 0, 0, 0, 0, 0, 0,
191, 229, 209, 191, 128, 243, 162, 191, 86, 141, 60, 64, 0, 0, 0, 0, 65, 36, 29, 0, 0, 0, 0, 0, 0, 0, 0, 0, 0, 0, 0, 0,
184, 53, 209, 191, 15, 242, 162, 191, 171, 139, 60, 64, 0, 0, 0, 0, 67, 38, 30, 0, 0, 0, 0, 0, 0, 0, 0, 0, 0, 0, 0, 0,
179, 133, 208, 191, 158, 240, 162, 191, 0, 138, 60, 64, 0, 0, 0, 0, 67, 38, 31, 0, 0, 0, 0, 0, 0, 0, 0, 0, 0, 0, 0, 0,
177, 213, 207, 191, 44, 239, 162, 191, 84, 136, 60, 64, 0, 0, 0, 0, 64, 35, 31, 0, 0, 0, 0, 0, 0, 0, 0, 0, 0, 0, 0, 0,
180, 37, 207, 191, 188, 237, 162, 191, 170, 134, 60, 64, 0, 0, 0, 0, 66, 36, 32, 0, 0, 0, 0, 0, 0, 0, 0, 0, 0, 0, 0, 0,
185, 117, 206, 191, 75, 236, 162, 191, 255, 132, 60, 64, 0, 0, 0, 0, 67, 38, 34, 0, 0, 0, 0, 0, 0, 0, 0, 0, 0, 0, 0, 0,
193, 197, 205, 191, 217, 234, 162, 191, 83, 131, 60, 64, 0, 0, 0, 0, 62, 32, 28, 0, 0, 0, 0, 0, 0, 0, 0, 0, 0, 0, 0, 0,
205, 21, 205, 191, 105, 233, 162, 191, 169, 129, 60, 64, 0, 0, 0, 0, 60, 30, 27, 0, 0, 0, 0, 0, 0, 0, 0, 0, 0, 0, 0, 0,
219, 101, 204, 191, 248, 231, 162, 191, 254, 127, 60, 64, 0, 0, 0, 0, 63, 34, 30, 0, 0, 0, 0, 0, 0, 0, 0, 0, 0, 0, 0, 0,
238, 181, 203, 191, 136, 230, 162, 191, 84, 126, 60, 64, 0, 0, 0, 0, 66, 37, 36, 0, 0, 0, 0, 0, 0, 0, 0, 0, 0, 0, 0, 0
